Notowania
Dzień      Zamknięcie  Otwarcie
20.10.2022 1.426,52    1.399,59
19.10.2022 1.400,98    1.430,17
18.10.2022 1.427,68    1.416,66
17.10.2022 1.414,06    1.400,06
14.10.2022 1.397,23    1.383,10
13.10.2022 1.358,50    1.378,57
12.10.2022 1.377,19    1.389,02
11.10.2022 1.381,84    1.377,66
10.10.2022 1.379,49    1.400,27
07.10.2022 1.405,21    1.414,41
06.10.2022 1.417,82    1.431,68
05.10.2022 1.419,12    1.449,73
04.10.2022 1.449,81    1.404,22
03.10.2022 1.386,96    1.379,80
30.09.2022 1.377,91    1.390,12
29.09.2022 1.380,10    1.446,35
28.09.2022 1.435,37    1.434,99
27.09.2022 1.458,81    1.443,23
26.09.2022 1.433,08    1.446,43
23.09.2022 1.457,78    1.518,03
22.09.2022 1.518,19    1.498,10
21.09.2022 1.509,32    1.495,76
20.09.2022 1.497,41    1.532,86
19.09.2022 1.527,25    1.498,57